33 0 24 14 1 85 42 10 18 23 14 68 12 21 71 27 0 7 27 0 20 78 11 5 31 30 13 85 3 29 1 14 
4 1 14 30 31 1 17 3 65 46 12 22 0 11 71 33 25 25 30 1 77 6 14 3 82 17 17 16 25 88 13 18 
8 25 15 25 76 6 10 20 2 7 67 16 13 3 71 27 73 29 3 9 3 78 14 30 82 6 26 30 25 23 14 20 
25 0 74 6 13 30 6 90 0 66 23 29 21 3 71 27 25 15 8 5 0 11 1 80 16 28 27 30 87 49 13 90 
8 3 15 8 24 7 12 20 8 1 67 16 28 22 2 27 12 30 31 5 3 9 79 2 23 30 21 28 25 17 23 29 
77 27 2 14 76 7 6 22 4 3 16 1 69 9 1 72 37 15 31 30 12 29 10 4 82 0 28 16 18 12 10 90 
9 10 25 0 24 26 19 90 17 23 1 8 12 21 15 1 7 13 75 31 2 8 27 7 19 1 17 85 27 17 18 31 
33 0 24 14 1 85 10 10 18 23 14 68 1 9 11 7 27 74 24 5 25 78 14 29 23 7 84 22 24 22 10 31 
62 10 14 75 1 20 27 19 12 23 16 68 11 15 5 0 73 11 8 76 8 28 14 4 82 16 27 24 26 23 29 21 
61 29 11 14 31 16 13 14 65 18 15 5 6 3 21 9 29 74 6 9 25 27 28 80 4 26 0 20 18 88 28 15 
43 26 25 8 9 85 13 21 15 66 15 11 23 3 10 72 12 13 14 24 77 27 29 30 19 83 21 25 30 9 12 27 
57 7 15 25 9 85 2 8 4 66 14 5 11 31 71 30 8 24 2 13 25 7 0 30 1 83 27 19 87 8 24 9 
15 26 30 75 24 29 6 90 12 3 9 11 23 15 19 17 73 2 10 26 8 78 28 5 20 21 17 7 18 28 89 27 
2 79 24 10 2 17 12 23 8 17 6 0 69 17 8 26 13 25 75 27 5 7 12 24 82 23 27 27 3 88 21 21 
36 9 74 18 3 0 67 27 19 7 67 3 10 15 9 15 73 30 4 76 24 29 10 80 19 83 4 20 4 11 24 29 
77 13 15 75 31 0 17 31 65 22 11 1 23 3 71 1 26 4 31 76 12 0 22 4 26 26 26 18 87 29 20 24 
77 46 6 7 76 1 11 31 65 46 12 22 0 11 71 33 25 25 30 1 77 9 10 30 23 1 21 1 24 10 10 90 
77 2 11 0 5 27 4 90 21 10 10 23 69 18 15 13 73 12 2 30 30 26 79 4 0 6 17 85 16 29 23 31 
14 0 7 9 5 27 6 30 65 21 10 16 13 70 6 72 1 11 5 8 11 27 3 80 29 21 84 24 24 28 28 22 
57 7 15 75 11 16 13 31 19 3 23 1 1 70 43 7 27 15 6 76 36 30 28 5 31 83 29 6 87 12 17 31 
29 29 16 18 7 25 2 30 14 21 26 68 17 3 12 27 29 74 15 3 77 29 31 2 19 4 16 15 18 22 16 27 
